0.00217506047402,0.00106649574302,0.00131285216602,0.000710903848328,0.00054885262473,0.000183776707795,0.00011620134227
0.00106649574302,0.00101853643895,0.0012538144468,0.000678935175177,0.000524171241714,0.0001755124432,0.000110975877899
0.00131285216602,0.0012538144468,0.00300621213076,0.00162785104672,0.00125678081749,0.000420817958505,0.000266081660818
0.000710903848328,0.000678935175177,0.00162785104672,0.00239609584023,0.00184990346318,0.000619417950984,0.000391655711947
0.00054885262473,0.000524171241714,0.00125678081749,0.00184990346318,0.00278178525165,0.000931447372769,0.000588950777651
0.000183776707795,0.0001755124432,0.000420817958505,0.000619417950984,0.000931447372769,0.0016512665385,0.00104408981161
0.00011620134227,0.000110975877899,0.000266081660818,0.000391655711947,0.000588950777651,0.00104408981161,0.00349528563302
