3.583819243068067217e-03,3.219531631103778372e-04,2.913353200918101962e-04,3.572073484595021491e-04,2.182633966610478195e-04,2.083683098166589894e-04,2.896040913638414606e-04
3.219531631103778372e-04,2.892273080939222665e-03,2.617217037682813600e-04,3.208979804024769764e-04,1.960773861074577057e-04,1.871881138179445957e-04,2.601664507623849265e-04
2.913353200918101962e-04,2.617217037682813600e-04,2.368318907187291766e-03,2.903804855780202517e-04,1.774303674873269597e-04,1.693864676764694310e-04,2.354245427432684063e-04
3.572073484595021491e-04,3.208979804024769764e-04,2.903804855780202517e-04,3.560366222160070426e-03,2.175480511129580211e-04,2.076853948383778823e-04,2.886549308511997822e-04
2.182633966610478195e-04,1.960773861074577057e-04,1.774303674873269597e-04,2.175480511129580211e-04,1.329277708806395324e-03,1.269014198890548240e-04,1.763760066590164168e-04
2.083683098166589894e-04,1.871881138179445957e-04,1.693864676764694310e-04,2.076853948383778823e-04,1.269014198890548240e-04,1.211482767157700700e-03,1.683799068554943119e-04
2.896040913638414606e-04,2.601664507623849265e-04,2.354245427432684063e-04,2.886549308511997822e-04,1.763760066590164168e-04,1.683799068554943119e-04,2.340255577814119754e-03
