0.002175060474,0.000148841471,0.0002557086855,0.0002282904587,0.0002459786809,0.0001895152917,0.0002757255452
0.000148841471,0.001018536439,0.0001749839021,0.000156221347,0.0001683255668,0.0001296871289,0.0001886816308
0.0002557086855,0.0001749839021,0.003006212131,0.0002683872646,0.0002891822361,0.0002228016494,0.0003241538226
0.0002282904587,0.000156221347,0.0002683872646,0.00239609584,0.0002581748258,0.000198911862,0.0002893966027
0.0002459786809,0.0001683255668,0.0002891822361,0.0002581748258,0.002781785252,0.0002143237948,0.0003118194032
0.0001895152917,0.0001296871289,0.0002228016494,0.000198911862,0.0002143237948,0.001651266539,0.0002402425484
0.0002757255452,0.0001886816308,0.0003241538226,0.0002893966027,0.0003118194032,0.0002402425484,0.003495285633
