20.68350444,2.116283691,2.574407043,2.398424794,1.740042827,2.702139082,2.468031505,2.495236682
2.116283691,15.03699842,2.195056634,2.045006158,1.483639723,2.303966785,2.104356008,2.127552381
2.574407043,2.195056634,22.25193659,2.487699678,1.804811221,2.80271891,2.559897311,2.588115127
2.398424794,2.045006158,2.487699678,19.31370502,1.681437282,2.611129636,2.384906923,2.411195816
1.740042827,1.483639723,1.804811221,1.681437282,10.16560567,1.894358916,1.730235693,1.749308127
2.702139082,2.303966785,2.80271891,2.611129636,1.894358916,24.51482411,2.686909433,2.716527308
2.468031505,2.104356008,2.559897311,2.384906923,1.730235693,2.686909433,20.45101101,2.481173166
2.495236682,2.127552381,2.588115127,2.411195816,1.749308127,2.716527308,2.481173166,20.90436003
